function hm=gethm10()

hm=[-0.000197331679117077	5.55804582107588e-05	-0.00123360093087711	-0.000170599218257018	0.000673439631259508	9.20157038735540e-05	-0.000653166931215424	-9.51892686263394e-05	0.000373923543103883	9.54180452928332e-06
-0.000407429685541624	-2.25072399400826e-05	5.38592995616687e-06	5.53538022352019e-05	0.000200607048879811	9.51837505439577e-07	3.70270515453709e-05	7.53128935493234e-07	-6.78220884901763e-05	2.80810229607713e-05
-0.000175244837721193	0.000105901088117706	-0.00107438983153916	-0.000129214577484255	0.000607722466723881	7.67984473019692e-05	-0.000552194406891821	-7.46548643762596e-05	0.000321220162291570	3.87756430658932e-06
-0.000233163743853856	-8.27241422674869e-05	-0.000109485356700591	2.92877161621583e-05	0.000227282311232530	8.18679037920306e-06	-1.93620211996674e-05	-1.79257377945888e-06	-2.85691296666610e-05	2.77554834354815e-05
-0.000173831837472642	0.000120977293479418	-0.000987526409321319	-0.000112483324896037	0.000588430069514208	6.73972224087185e-05	-0.000517411708755940	-7.04204846161245e-05	0.000310745323565319	1.03911117668710e-05
-0.000299038498321197	-4.29356415474948e-06	-0.000161430603074544	1.63475257853114e-05	0.000264821198699817	7.26943061536537e-06	-5.88072149045756e-05	-1.43817929309441e-05	-1.91952559211982e-05	2.44305899359569e-05
-0.000206911891299601	1.10652861831276e-05	-0.000968899266959805	-0.000104828745836512	0.000563245128976738	8.68143944436605e-05	-0.000491633972294984	-5.85658184603137e-05	0.000306904365116658	1.43757710737481e-05
-0.000188594600432197	2.67181693696785e-05	-0.000204098574364082	-5.92135687887879e-06	0.000281109101853793	-6.88518113507475e-06	-7.97283518792674e-05	-2.16270311448937e-05	2.07447502227382e-06	2.44656936878292e-05
-0.000147088308547328	3.40307306917627e-05	-0.000909024810712788	-5.84045020504099e-05	0.000562873775863924	9.26052736878270e-05	-0.000491105292012693	-5.95897745129083e-05	0.000294350911965806	1.30850837672595e-05
-0.000448077835568272	3.72898054996584e-05	-0.000226728693041330	-4.94647406699747e-05	0.000280872485536495	-1.49132532316075e-05	-7.92747466613863e-05	-1.71043011191598e-05	1.48243688763799e-05	1.99822975666761e-05
-0.000180078816398563	-1.39102515964309e-06	-0.000920749015838452	-5.33225564709780e-05	0.000566251008307259	0.000101444040398749	-0.000493006519659696	-6.82937607000540e-05	0.000293306808530463	2.25933470865089e-05
-0.000103617646142894	1.39324432169903e-05	-0.000213426676022310	-1.33407575566894e-05	0.000294551629419500	-2.02011389202883e-05	-9.27622266815941e-05	-8.56170740870999e-06	2.75389311242976e-05	1.85921611755009e-05
-0.000242254242948004	8.35691304554429e-05	-0.000914822598950261	-8.61347794707857e-05	0.000563004878065724	0.000103623624255247	-0.000485138824207196	-7.53677128964966e-05	0.000282967325278630	1.92418877692491e-05
-0.000309207427456908	-2.81782672168993e-05	-0.000249773135265322	5.69572298755203e-06	0.000303936453846558	-1.46486068032965e-05	-0.000113256807009666	-6.31405620947795e-06	4.31079617634173e-05	1.82173154057656e-05
-0.000185718647976771	7.68089532993772e-05	-0.000888898921388374	-0.000108086268402497	0.000540011997599493	0.000101809408718105	-0.000469567403531104	-8.30682089754884e-05	0.000277030009292776	3.31242086259597e-05
-0.000267753460564064	-8.26655304508862e-06	-0.000255188162632225	1.59986723785889e-05	0.000335163596991282	-1.75077158467504e-05	-0.000134762899537274	6.72338054002817e-06	5.57024619097965e-05	5.96928045160231e-06
-0.000147569405237599	3.29014988774834e-05	-0.000901169156023765	-0.000114760139445805	0.000520122912471821	0.000101878685362200	-0.000459044666691723	-9.12269338512842e-05	0.000277253613117353	3.72980930877293e-05
-0.000367487114124089	2.37646480291075e-05	-0.000233079965506159	3.47414295744166e-05	0.000352136030557011	-1.35728934008667e-05	-0.000136177457808606	4.75822621511430e-06	6.06139827055569e-05	9.01962593095518e-06
-0.000138348420554945	2.49971653027254e-05	-0.000909383465278281	-0.000113147808063442	0.000530500845382410	9.53989351023643e-05	-0.000466196522109669	-9.22028804491459e-05	0.000276500879866761	3.52061640307518e-05
-0.000228250560969763	4.94012261705182e-05	-0.000231782536933984	6.18872822862326e-06	0.000330856961095107	2.93559060571375e-08	-0.000148425042704612	1.30627394821098e-05	6.61311625766940e-05	1.29640992624428e-05
-0.000189991758304110	-8.07610227734226e-06	-0.000926617553356158	-0.000106789100548461	0.000536543582349097	7.88207957654718e-05	-0.000457284309484425	-9.71984784849373e-05	0.000285027549953007	3.44966870707385e-05
-0.000378228651001095	1.66707611910459e-05	-0.000231212769252921	1.56559252961850e-05	0.000343591252554072	1.58743929952341e-05	-0.000158830114965122	5.26819426996127e-06	6.40618109248575e-05	1.35452898712684e-05
-0.000210402640315282	8.49165000729934e-05	-0.000906137222324534	-9.80979806634607e-05	0.000546912630647116	7.03282975458676e-05	-0.000461087626802484	-8.97205823625944e-05	0.000286342494170109	3.00022847688712e-05
-0.000123770302213897	-4.31241773122228e-05	-0.000271510810254318	-9.40221102013217e-06	0.000329161535521294	2.54032703851508e-05	-0.000162545801589332	3.88238359410750e-06	7.11746201197236e-05	2.08120816862599e-05
-0.000183296551149066	6.22926749748460e-05	-0.000870826222080431	-5.54141425669860e-05	0.000557244360288196	5.11908328711717e-05	-0.000460674365046455	-8.73496054202759e-05	0.000291219156335307	2.77650370688508e-05
-0.000443876755599889	3.05962912895203e-05	-0.000256047614800978	-4.09130181666868e-05	0.000343635957824211	4.34889937580616e-05	-0.000158010826969483	-3.57575855416141e-06	7.05717610128077e-05	1.96883926135397e-05
-8.83085553624009e-05	1.99033591493165e-05	-0.000928572548071425	-5.41376382533158e-05	0.000534456991981374	5.14003983217466e-05	-0.000471405620295123	-8.48729610454999e-05	0.000295605551585836	3.07128216838754e-05
-0.000258313465505634	3.88258321708501e-05	-0.000223432327125625	-3.93549040249672e-05	0.000366454203302934	3.61042582568479e-05	-0.000168937376752251	-5.04869062102846e-06	7.18308975289895e-05	2.40217965269029e-05
-0.000186635145132575	-2.00134587901513e-05	-0.000927500835659748	-5.75377819437856e-05	0.000526143716100415	5.54887707392031e-05	-0.000453791402729208	-7.90908487262996e-05	0.000303427325097116	2.34758830503079e-05
-0.000310634912967612	7.87519433265836e-05	-0.000238987830752122	-2.52637465320488e-05	0.000369165915326213	2.78467944213876e-05	-0.000181699615430083	-1.28076158362745e-05	7.48492038101696e-05	2.95131098217862e-05
-0.000211206716469603	-4.44995987434706e-06	-0.000938429775135281	-8.53488196549779e-05	0.000534365422893380	6.32132262925601e-05	-0.000455688553342304	-6.87792665615019e-05	0.000299739531190347	2.47484256499475e-05
-0.000160108497292001	1.64564203578389e-05	-0.000222797686867736	1.35681502555963e-05	0.000348274250263144	2.87921204108618e-05	-0.000199849383830733	-2.32745910020182e-05	8.15437240911111e-05	2.62017854092652e-05
-0.000204223757002964	0.000102627898231037	-0.000935264486048973	-0.000111785953218609	0.000541677639255699	7.26035926334531e-05	-0.000438699462301562	-6.40509247562049e-05	0.000300440028042213	2.38674339014399e-05
-0.000423112460011005	-6.93465874149511e-05	-0.000208149631250511	2.54482235112864e-05	0.000357479615238899	2.13016244737438e-06	-0.000206078624106088	-3.03373389538644e-05	8.12598479191867e-05	3.47227838856825e-05
-0.000139047222170348	6.34989489628160e-05	-0.000984477985456845	-0.000122593401684551	0.000550102296786994	0.000102836736681797	-0.000443657865855276	-5.04543265950567e-05	0.000302758766653097	1.91831215986705e-05
-0.000176313043853201	1.14080138731042e-05	-0.000144747329225445	3.22679455847380e-05	0.000359173495153541	-7.18858884183689e-06	-0.000203295338741177	-4.51367423839026e-05	9.83092039581125e-05	3.63432818284315e-05
-0.000228019294721971	8.51987989770988e-05	-0.00102819104619401	-0.000121288966225033	0.000551774748282480	0.000103169928593226	-0.000450608838842021	-4.71534207213098e-05	0.000292977610983568	1.98154641202972e-05
